service_id,monday,tuesday,wednesday,thursday,friday,saturday,sunday,start_date,end_date
1,0,0,0,0,0,0,1,20200421,20200515
14,0,0,0,0,0,1,0,20200421,20200515
20,0,0,0,0,0,0,1,20200421,20200515
21,0,0,0,0,0,0,1,20200421,20200515
56,0,0,0,0,0,1,0,20200421,20200515
57,0,0,0,0,0,0,1,20200421,20200515
71,1,0,0,0,0,0,0,20200421,20200515
72,0,1,0,0,0,0,0,20200421,20200515
73,0,0,1,0,0,0,0,20200421,20200515
127,0,0,0,0,0,1,0,20200421,20200515
128,0,0,0,0,0,0,1,20200421,20200515
134,1,0,0,0,0,0,0,20200421,20200515
183,0,0,0,0,0,1,1,20200421,20200515
184,0,0,0,0,0,0,1,20200421,20200515
192,1,0,0,0,0,0,0,20200421,20200515
207,0,0,0,0,0,0,0,20200421,20200515
210,0,0,0,0,0,0,0,20200421,20200515
211,0,0,0,0,0,0,0,20200421,20200515
217,0,0,0,0,0,0,0,20200421,20200515
218,0,0,0,0,0,0,0,20200421,20200515
219,0,0,0,0,0,0,0,20200421,20200515
220,0,0,0,0,0,0,0,20200421,20200515
223,0,0,0,0,0,0,0,20200421,20200515
224,0,0,0,0,0,0,0,20200421,20200515
233,0,0,0,0,0,0,0,20200421,20200515
234,0,0,0,0,0,0,0,20200421,20200515
237,0,0,0,0,0,0,0,20200421,20200515
238,0,0,0,0,0,0,0,20200421,20200515
239,0,0,0,0,0,0,0,20200421,20200515
240,0,0,0,0,0,0,0,20200421,20200515
241,0,0,0,0,0,0,0,20200421,20200515
242,0,0,0,0,0,0,0,20200421,20200515
243,0,0,0,0,0,0,0,20200421,20200515
244,0,0,0,0,0,0,0,20200421,20200515
245,0,0,0,0,0,0,0,20200421,20200515
248,0,0,0,0,0,0,0,20200421,20200515
249,0,0,0,0,0,0,0,20200421,20200515
250,0,0,0,0,0,0,0,20200421,20200515
252,1,1,1,1,1,0,0,20200421,20200515
262,0,0,0,0,0,0,0,20200421,20200515
263,0,0,0,0,0,0,0,20200421,20200515
264,0,0,0,0,0,0,0,20200421,20200515
265,0,0,0,0,0,0,0,20200421,20200515
266,0,0,0,0,0,0,0,20200421,20200515
267,0,0,0,0,0,0,0,20200421,20200515
268,0,0,0,0,0,0,0,20200421,20200515
269,0,0,0,0,0,0,0,20200421,20200515
271,0,0,0,0,0,0,0,20200421,20200515
272,0,0,0,0,0,0,0,20200421,20200515
287,0,0,0,0,0,0,0,20200421,20200515
288,0,0,0,0,0,0,0,20200421,20200515
336,0,0,0,0,0,0,0,20200421,20200515
337,0,0,0,0,0,0,0,20200421,20200515
342,0,0,0,0,0,0,0,20200421,20200515
343,0,0,0,0,0,0,0,20200421,20200515
344,0,0,0,0,0,0,0,20200421,20200515
352,1,1,1,1,1,0,0,20200421,20200515
353,1,1,1,1,1,0,0,20200421,20200515
369,0,0,0,0,0,1,0,20200421,20200515
370,0,0,0,0,0,1,0,20200421,20200515
371,0,0,0,0,0,1,0,20200421,20200515
372,0,0,0,0,0,1,0,20200421,20200515
373,0,0,0,0,0,1,0,20200421,20200515
374,0,0,0,0,0,1,0,20200421,20200515
375,0,0,0,0,0,0,1,20200421,20200515
376,0,0,0,0,0,0,1,20200421,20200515
377,0,0,0,0,0,0,1,20200421,20200515
378,0,0,0,0,0,0,1,20200421,20200515
379,0,0,0,0,0,0,1,20200421,20200515
380,0,0,0,0,0,0,1,20200421,20200515
394,0,0,0,0,0,0,0,20200421,20200515
396,0,0,0,0,0,0,0,20200421,20200515
414,1,0,1,0,1,0,0,20200421,20200515
415,0,0,0,0,0,0,0,20200421,20200515
428,0,0,0,0,0,1,0,20200421,20200515
429,0,0,0,0,0,1,0,20200421,20200515
430,0,0,0,0,0,1,0,20200421,20200515
431,0,0,0,0,0,1,0,20200421,20200515
432,0,0,0,0,0,1,0,20200421,20200515
433,0,0,0,0,0,1,0,20200421,20200515
434,0,0,0,0,0,1,0,20200421,20200515
438,0,0,0,0,0,1,0,20200421,20200515
439,0,0,0,0,0,1,0,20200421,20200515
444,0,1,0,1,0,0,0,20200421,20200515
457,0,0,0,0,0,1,0,20200421,20200515
459,0,0,0,0,0,1,0,20200421,20200515
460,0,0,0,0,0,1,0,20200421,20200515
472,1,1,1,1,1,0,0,20200421,20200515
473,1,1,1,1,1,0,0,20200421,20200515
474,1,1,1,1,1,0,0,20200421,20200515
475,0,0,0,1,0,0,0,20200421,20200515
476,0,0,0,0,1,0,0,20200421,20200515
477,0,0,0,0,0,1,0,20200421,20200515
478,1,1,1,1,1,0,0,20200421,20200515
479,0,0,0,0,0,1,0,20200421,20200515
489,1,1,1,1,1,0,0,20200421,20200515
490,1,1,1,1,1,1,0,20200421,20200515
491,0,0,0,0,0,0,1,20200421,20200515
492,0,0,0,1,0,0,0,20200421,20200515
493,1,1,1,1,1,0,0,20200421,20200515
494,1,1,1,1,1,0,0,20200421,20200515
495,0,0,0,0,0,1,0,20200421,20200515
496,1,1,1,1,1,1,0,20200421,20200515
497,0,0,0,0,0,1,0,20200421,20200515
499,0,0,1,0,0,0,0,20200421,20200515
500,0,1,0,0,0,0,0,20200421,20200515
501,1,1,1,0,1,0,0,20200421,20200515
502,1,1,0,1,1,0,0,20200421,20200515
503,1,0,1,1,1,0,0,20200421,20200515
504,1,1,1,0,1,0,0,20200421,20200515
505,0,0,0,0,0,1,0,20200421,20200515
506,0,0,0,0,0,0,1,20200421,20200515
507,0,0,0,0,0,1,0,20200421,20200515
S69258_14,0,0,0,0,0,1,0,20200421,20200425
S69258_21,0,0,0,0,0,0,1,20200421,20200425
S73176_496,1,1,1,1,1,1,0,20200426,20200515
S73176_14,0,0,0,0,0,1,0,20200426,20200515
S73176_21,0,0,0,0,0,0,1,20200426,20200515
S69256_14,0,0,0,0,0,1,0,20200421,20200425
S69256_21,0,0,0,0,0,0,1,20200421,20200425
S73177_496,1,1,1,1,1,1,0,20200426,20200515
S73177_14,0,0,0,0,0,1,0,20200426,20200515
S73177_21,0,0,0,0,0,0,1,20200426,20200515
S69260_14,0,0,0,0,0,1,0,20200421,20200425
S69260_21,0,0,0,0,0,0,1,20200421,20200425
S73178_496,1,1,1,1,1,1,0,20200426,20200515
S73178_14,0,0,0,0,0,1,0,20200426,20200515
S73178_21,0,0,0,0,0,0,1,20200426,20200515
S72245_511,1,1,1,1,1,0,0,20200421,20200428
S72899_511,1,1,1,1,1,0,0,20200429,20200515
S72901_511,1,1,1,1,1,0,0,20200429,20200515
S72246_511,1,1,1,1,1,0,0,20200421,20200428
S72933_511,1,1,1,1,1,0,0,20200429,20200515
S72062_511,1,1,1,1,1,0,0,20200421,20200428
S72934_511,1,1,1,1,1,0,0,20200429,20200515
S72063_511,1,1,1,1,1,0,0,20200421,20200428
S72944_511,1,1,1,1,1,0,0,20200429,20200515
S72244_511,1,1,1,1,1,0,0,20200421,20200428
S72970_511,1,1,1,1,1,0,0,20200429,20200515
S72971_511,1,1,1,1,1,0,0,20200429,20200515
S72985_511,1,1,1,1,1,0,0,20200429,20200515
S72986_511,1,1,1,1,1,0,0,20200429,20200515
S72247_511,1,1,1,1,1,0,0,20200421,20200428
S72987_511,1,1,1,1,1,0,0,20200429,20200515
S72248_511,1,1,1,1,1,0,0,20200421,20200428
S72988_511,1,1,1,1,1,0,0,20200429,20200515
S72249_511,1,1,1,1,1,0,0,20200421,20200428
S72989_511,1,1,1,1,1,0,0,20200429,20200515
S73040_511,1,1,1,1,1,0,0,20200429,20200515
S71228_495,0,0,0,0,0,1,0,20200421,20200428
S72990_495,0,0,0,0,0,1,0,20200429,20200515
S71218_380,0,0,0,0,0,0,1,20200421,20200428
S71218_495,0,0,0,0,0,1,0,20200421,20200428
S71218_374,0,0,0,0,0,1,0,20200421,20200428
S72997_380,0,0,0,0,0,0,1,20200429,20200515
S72997_495,0,0,0,0,0,1,0,20200429,20200515
S72997_374,0,0,0,0,0,1,0,20200429,20200515
S71971_431,0,0,0,0,0,1,0,20200421,20200509
S72380_431,0,0,0,0,0,1,0,20200510,20200515
S71972_431,0,0,0,0,0,1,0,20200421,20200509
S72382_431,0,0,0,0,0,1,0,20200510,20200515
S71973_438,0,0,0,0,0,1,0,20200421,20200509
S71973_439,0,0,0,0,0,1,0,20200421,20200509
S72383_438,0,0,0,0,0,1,0,20200510,20200515
S72383_439,0,0,0,0,0,1,0,20200510,20200515
S72008_438,0,0,0,0,0,1,0,20200421,20200509
S72384_438,0,0,0,0,0,1,0,20200510,20200515
S71974_438,0,0,0,0,0,1,0,20200421,20200509
S71974_439,0,0,0,0,0,1,0,20200421,20200509
S72385_438,0,0,0,0,0,1,0,20200510,20200515
S72385_439,0,0,0,0,0,1,0,20200510,20200515
S69166_14,0,0,0,0,0,1,0,20200421,20200425
S69166_21,0,0,0,0,0,0,1,20200421,20200425
S73182_496,1,1,1,1,1,1,0,20200426,20200515
S73182_14,0,0,0,0,0,1,0,20200426,20200515
S73182_21,0,0,0,0,0,0,1,20200426,20200515
T2340745,0,0,0,0,0,1,0,20200421,20200515
T2340746,0,0,0,0,0,1,0,20200421,20200515
T2340747,0,0,0,0,0,1,0,20200421,20200515
T2340748,0,0,0,0,0,1,0,20200421,20200515
T2340749,0,0,0,0,0,1,0,20200421,20200515
T2340750,0,0,0,0,0,1,0,20200421,20200515
T2340751,0,0,0,0,0,1,0,20200421,20200515
T2340752,0,0,0,0,0,1,0,20200421,20200515
T2340806,0,0,0,0,0,0,1,20200421,20200515
T2340807,0,0,0,0,0,0,1,20200421,20200515
T2340808,0,0,0,0,0,0,1,20200421,20200515
T2340809,0,0,0,0,0,0,1,20200421,20200515
T2340810,0,0,0,0,0,0,1,20200421,20200515
T2340811,0,0,0,0,0,0,1,20200421,20200515
T2340812,0,0,0,0,0,0,1,20200421,20200515
T2340928,0,0,0,0,0,1,0,20200421,20200515
T2340929,0,0,0,0,0,1,0,20200421,20200515
T2340930,0,0,0,0,0,1,0,20200421,20200515
T2340931,0,0,0,0,0,1,0,20200421,20200515
T2340932,0,0,0,0,0,1,0,20200421,20200515
T2340933,0,0,0,0,0,1,0,20200421,20200515
T2340934,0,0,0,0,0,1,0,20200421,20200515
T2340977,0,0,0,0,0,0,1,20200421,20200515
T2340978,0,0,0,0,0,0,1,20200421,20200515
T2340979,0,0,0,0,0,0,1,20200421,20200515
T2340980,0,0,0,0,0,0,1,20200421,20200515
T2340981,0,0,0,0,0,0,1,20200421,20200515
T2340982,0,0,0,0,0,0,1,20200421,20200515
T2340983,0,0,0,0,0,0,1,20200421,20200515
T2341562,0,0,0,0,0,1,0,20200421,20200515
T2341563,0,0,0,0,0,1,0,20200421,20200515
T2341564,0,0,0,0,0,1,0,20200421,20200515
T2341565,0,0,0,0,0,1,0,20200421,20200515
T2341566,0,0,0,0,0,1,0,20200421,20200515
T2341567,0,0,0,0,0,1,0,20200421,20200515
T2341568,0,0,0,0,0,1,0,20200421,20200515
T2341569,0,0,0,0,0,1,0,20200421,20200515
T2341570,0,0,0,0,0,1,0,20200421,20200515
T2341571,0,0,0,0,0,1,0,20200421,20200515
T2341635,0,0,0,0,0,1,0,20200421,20200515
T2341636,0,0,0,0,0,1,0,20200421,20200515
T2341637,0,0,0,0,0,1,0,20200421,20200515
T2341638,0,0,0,0,0,1,0,20200421,20200515
T2341639,0,0,0,0,0,1,0,20200421,20200515
T2341640,0,0,0,0,0,1,0,20200421,20200515
T2341641,0,0,0,0,0,1,0,20200421,20200515
T2341704,0,0,0,0,0,1,0,20200421,20200515
T2341705,0,0,0,0,0,1,0,20200421,20200515
T2342642,0,0,0,0,0,1,0,20200421,20200515
T2342643,0,0,0,0,0,1,0,20200421,20200515
T2342644,0,0,0,0,0,1,0,20200421,20200515
T2342645,0,0,0,0,0,1,0,20200421,20200515
T2342646,0,0,0,0,0,1,0,20200421,20200515
T2342647,0,0,0,0,0,1,0,20200421,20200515
T2342853,0,0,0,0,0,0,1,20200421,20200515
T2342854,0,0,0,0,0,0,1,20200421,20200515
T2342855,0,0,0,0,0,0,1,20200421,20200515
T2342856,0,0,0,0,0,0,1,20200421,20200515
T2342857,0,0,0,0,0,0,1,20200421,20200515
T2342858,0,0,0,0,0,0,1,20200421,20200515
T2342859,0,0,0,0,0,0,1,20200421,20200515
T2342860,0,0,0,0,0,0,1,20200421,20200515
T2342861,0,0,0,0,0,0,1,20200421,20200515
T2342862,0,0,0,0,0,1,0,20200421,20200515
T2342863,0,0,0,0,0,1,0,20200421,20200515
T2342864,0,0,0,0,0,1,0,20200421,20200515
T2342865,0,0,0,0,0,1,0,20200421,20200515
T2342866,0,0,0,0,0,1,0,20200421,20200515
T2342983,0,0,0,0,0,0,1,20200421,20200515
T2342984,0,0,0,0,0,0,1,20200421,20200515
T2342985,0,0,0,0,0,0,1,20200421,20200515
T2342986,0,0,0,0,0,0,1,20200421,20200515
T2342987,0,0,0,0,0,0,1,20200421,20200515
T2342988,0,0,0,0,0,0,1,20200421,20200515
T2343129,0,0,0,0,0,1,0,20200421,20200515
T2343130,0,0,0,0,0,1,0,20200421,20200515
T2343131,0,0,0,0,0,1,0,20200421,20200515
T2343132,0,0,0,0,0,1,0,20200421,20200515
T2343133,0,0,0,0,0,1,0,20200421,20200515
T2343134,0,0,0,0,0,1,0,20200421,20200515
