service_id,date,exception_type
1,20200425,1
1,20200427,1
14,20200421,1
14,20200422,1
14,20200423,1
14,20200424,1
14,20200425,2
14,20200428,1
14,20200429,1
14,20200430,1
14,20200501,1
14,20200504,1
14,20200505,1
14,20200506,1
14,20200507,1
14,20200508,1
14,20200511,1
14,20200512,1
14,20200513,1
14,20200514,1
14,20200515,1
20,20200427,1
21,20200425,1
21,20200427,1
56,20200421,1
56,20200422,1
56,20200423,1
56,20200424,1
56,20200425,2
56,20200428,1
56,20200429,1
56,20200430,1
56,20200501,1
56,20200502,2
56,20200509,2
57,20200425,1
57,20200427,1
57,20200503,2
57,20200510,2
71,20200427,2
127,20200425,2
127,20200504,1
127,20200505,1
127,20200506,1
127,20200507,1
127,20200508,1
127,20200511,1
127,20200512,1
127,20200513,1
127,20200514,1
127,20200515,1
128,20200426,2
134,20200425,1
134,20200504,2
134,20200511,2
183,20200425,2
184,20200425,1
184,20200427,1
192,20200504,2
192,20200511,2
207,20200421,1
207,20200422,1
207,20200423,1
207,20200424,1
207,20200427,1
207,20200428,1
207,20200429,1
207,20200430,1
210,20200421,1
210,20200422,1
210,20200423,1
210,20200424,1
210,20200427,1
210,20200428,1
210,20200429,1
210,20200430,1
210,20200501,1
210,20200504,1
210,20200505,1
210,20200506,1
210,20200507,1
210,20200508,1
210,20200511,1
210,20200512,1
210,20200513,1
210,20200514,1
210,20200515,1
211,20200425,1
217,20200422,1
217,20200424,1
217,20200429,1
217,20200501,1
217,20200506,1
217,20200508,1
217,20200513,1
217,20200515,1
218,20200427,1
218,20200504,1
218,20200511,1
219,20200427,1
219,20200504,1
219,20200511,1
220,20200422,1
220,20200424,1
220,20200429,1
220,20200501,1
220,20200506,1
220,20200508,1
220,20200513,1
220,20200515,1
223,20200423,1
223,20200427,1
223,20200430,1
223,20200504,1
223,20200507,1
223,20200511,1
223,20200514,1
224,20200423,1
224,20200427,1
224,20200504,1
224,20200507,1
224,20200511,1
224,20200514,1
233,20200422,1
233,20200429,1
233,20200506,1
233,20200513,1
234,20200423,1
234,20200430,1
234,20200507,1
234,20200514,1
237,20200424,1
237,20200501,1
237,20200508,1
237,20200515,1
238,20200427,1
238,20200504,1
238,20200511,1
239,20200424,1
239,20200501,1
239,20200508,1
239,20200515,1
240,20200427,1
240,20200504,1
240,20200511,1
241,20200421,1
241,20200428,1
241,20200505,1
241,20200512,1
242,20200427,1
242,20200504,1
242,20200511,1
243,20200421,1
243,20200428,1
243,20200505,1
243,20200512,1
244,20200421,1
244,20200428,1
244,20200505,1
244,20200512,1
245,20200427,1
245,20200504,1
245,20200511,1
248,20200427,1
248,20200504,1
248,20200511,1
249,20200421,1
249,20200428,1
249,20200505,1
249,20200512,1
250,20200421,1
250,20200422,1
250,20200424,1
250,20200428,1
250,20200429,1
250,20200501,1
250,20200505,1
250,20200506,1
250,20200508,1
250,20200512,1
250,20200513,1
250,20200515,1
252,20200423,2
252,20200427,2
252,20200430,2
252,20200504,2
252,20200507,2
252,20200511,2
252,20200514,2
262,20200422,1
262,20200424,1
262,20200429,1
262,20200501,1
262,20200506,1
262,20200508,1
262,20200513,1
262,20200515,1
263,20200422,1
263,20200424,1
263,20200427,1
263,20200429,1
263,20200501,1
263,20200504,1
263,20200506,1
263,20200508,1
263,20200511,1
263,20200513,1
263,20200515,1
264,20200421,1
264,20200428,1
264,20200505,1
264,20200512,1
265,20200423,1
265,20200430,1
265,20200507,1
265,20200514,1
266,20200423,1
266,20200426,1
266,20200430,1
266,20200503,1
266,20200507,1
266,20200510,1
266,20200514,1
267,20200421,1
267,20200428,1
267,20200505,1
267,20200512,1
268,20200427,1
268,20200504,1
268,20200511,1
269,20200425,1
269,20200502,1
269,20200509,1
271,20200422,1
271,20200423,1
271,20200429,1
271,20200430,1
271,20200506,1
271,20200507,1
271,20200513,1
271,20200514,1
272,20200422,1
272,20200423,1
272,20200427,1
272,20200429,1
272,20200430,1
272,20200504,1
272,20200506,1
272,20200507,1
272,20200511,1
272,20200513,1
272,20200514,1
287,20200424,1
287,20200501,1
287,20200508,1
287,20200515,1
288,20200424,1
288,20200501,1
288,20200508,1
288,20200515,1
336,20200421,1
336,20200422,1
336,20200423,1
336,20200424,1
336,20200428,1
336,20200429,1
336,20200430,1
336,20200501,1
336,20200504,1
336,20200505,1
336,20200506,1
336,20200507,1
336,20200508,1
336,20200511,1
336,20200512,1
336,20200513,1
336,20200514,1
336,20200515,1
337,20200421,1
337,20200422,1
337,20200423,1
337,20200424,1
337,20200428,1
337,20200429,1
337,20200430,1
337,20200501,1
337,20200504,1
337,20200505,1
337,20200506,1
337,20200507,1
337,20200508,1
337,20200511,1
337,20200512,1
337,20200513,1
337,20200514,1
337,20200515,1
342,20200421,1
342,20200422,1
342,20200423,1
342,20200424,1
342,20200427,1
342,20200428,1
342,20200429,1
342,20200430,1
342,20200501,1
342,20200504,1
342,20200505,1
342,20200506,1
342,20200507,1
342,20200508,1
342,20200511,1
342,20200512,1
342,20200513,1
342,20200514,1
342,20200515,1
343,20200421,1
343,20200422,1
343,20200423,1
343,20200424,1
343,20200427,1
343,20200428,1
343,20200429,1
343,20200430,1
343,20200501,1
343,20200502,1
343,20200504,1
343,20200505,1
343,20200506,1
343,20200507,1
343,20200508,1
343,20200509,1
343,20200511,1
343,20200512,1
343,20200513,1
343,20200514,1
343,20200515,1
344,20200427,1
352,20200421,2
352,20200422,2
352,20200423,2
352,20200424,2
352,20200427,2
352,20200428,2
353,20200427,2
370,20200421,1
370,20200422,1
370,20200423,1
370,20200424,1
370,20200428,1
370,20200429,1
370,20200430,1
370,20200501,1
370,20200504,1
370,20200505,1
370,20200506,1
370,20200507,1
370,20200508,1
370,20200511,1
370,20200512,1
370,20200513,1
370,20200514,1
370,20200515,1
371,20200421,1
371,20200422,1
371,20200423,1
371,20200424,1
371,20200428,1
371,20200429,1
371,20200430,1
371,20200501,1
371,20200504,1
371,20200505,1
371,20200506,1
371,20200507,1
371,20200508,1
371,20200511,1
371,20200512,1
371,20200513,1
371,20200514,1
371,20200515,1
372,20200421,1
372,20200422,1
372,20200423,1
372,20200424,1
372,20200428,1
372,20200429,1
372,20200430,1
372,20200501,1
372,20200504,1
372,20200505,1
372,20200506,1
372,20200507,1
372,20200508,1
372,20200511,1
372,20200512,1
372,20200513,1
372,20200514,1
372,20200515,1
373,20200421,1
373,20200422,1
373,20200423,1
373,20200424,1
373,20200428,1
373,20200429,1
373,20200430,1
373,20200501,1
373,20200504,1
373,20200505,1
373,20200506,1
373,20200507,1
373,20200508,1
373,20200511,1
373,20200512,1
373,20200513,1
373,20200514,1
373,20200515,1
375,20200427,1
376,20200427,1
377,20200427,1
378,20200427,1
379,20200427,1
380,20200427,1
394,20200421,1
394,20200422,1
394,20200423,1
394,20200424,1
394,20200427,1
394,20200428,1
394,20200429,1
394,20200430,1
394,20200501,1
394,20200504,1
394,20200505,1
394,20200506,1
394,20200507,1
394,20200508,1
394,20200511,1
394,20200512,1
394,20200513,1
394,20200514,1
394,20200515,1
396,20200421,1
396,20200422,1
396,20200423,1
396,20200424,1
396,20200427,1
396,20200428,1
396,20200429,1
396,20200430,1
396,20200501,1
396,20200504,1
396,20200505,1
396,20200506,1
396,20200507,1
396,20200508,1
396,20200511,1
396,20200512,1
396,20200513,1
396,20200514,1
396,20200515,1
414,20200424,2
414,20200427,2
414,20200501,2
414,20200504,2
414,20200508,2
414,20200511,2
414,20200515,2
415,20200422,1
415,20200429,1
415,20200501,1
415,20200506,1
415,20200508,1
415,20200513,1
415,20200515,1
428,20200425,2
428,20200429,1
428,20200430,1
428,20200502,2
428,20200509,2
429,20200425,2
429,20200502,2
429,20200503,1
429,20200509,2
430,20200425,2
430,20200502,2
430,20200504,1
430,20200505,1
430,20200506,1
430,20200507,1
430,20200509,2
431,20200425,2
431,20200502,2
431,20200509,2
431,20200510,1
432,20200425,2
432,20200429,1
432,20200430,1
432,20200502,2
432,20200509,2
433,20200425,2
433,20200502,2
433,20200503,1
433,20200509,2
434,20200425,2
434,20200502,2
434,20200504,1
434,20200505,1
434,20200506,1
434,20200507,1
434,20200509,2
438,20200425,2
438,20200502,2
438,20200509,2
438,20200511,1
439,20200425,2
439,20200502,2
439,20200509,2
439,20200512,1
439,20200513,1
439,20200514,1
457,20200421,1
457,20200422,1
457,20200423,1
457,20200425,2
457,20200502,2
457,20200509,2
459,20200425,2
459,20200427,1
459,20200502,2
459,20200509,2
460,20200425,2
460,20200427,1
460,20200502,2
460,20200509,2
472,20200421,2
472,20200422,2
472,20200423,2
472,20200424,2
472,20200427,2
473,20200421,2
473,20200422,2
473,20200423,2
473,20200424,2
473,20200427,2
473,20200428,2
474,20200421,2
474,20200422,2
474,20200423,2
474,20200424,2
474,20200427,2
474,20200429,2
474,20200430,2
474,20200501,2
474,20200504,2
474,20200505,2
474,20200506,2
474,20200507,2
474,20200508,2
474,20200511,2
474,20200512,2
474,20200513,2
474,20200514,2
474,20200515,2
475,20200423,2
477,20200421,1
477,20200422,1
477,20200423,1
477,20200424,1
477,20200425,2
478,20200427,2
479,20200425,2
489,20200427,2
490,20200425,2
490,20200427,2
491,20200427,1
493,20200427,2
494,20200427,2
494,20200429,2
494,20200430,2
494,20200501,2
494,20200504,2
494,20200505,2
494,20200506,2
494,20200507,2
494,20200508,2
494,20200511,2
494,20200512,2
494,20200513,2
494,20200514,2
494,20200515,2
495,20200421,1
495,20200422,1
495,20200423,1
495,20200424,1
495,20200425,2
495,20200428,1
495,20200429,1
495,20200430,1
495,20200501,1
495,20200502,2
495,20200504,1
495,20200505,1
495,20200506,1
495,20200507,1
495,20200508,1
495,20200509,2
495,20200511,1
495,20200512,1
495,20200513,1
495,20200514,1
495,20200515,1
496,20200425,2
496,20200427,2
496,20200502,2
496,20200509,2
497,20200425,2
499,20200422,2
500,20200421,2
500,20200428,2
501,20200421,2
501,20200422,2
501,20200424,2
501,20200427,2
501,20200428,2
501,20200429,2
501,20200430,1
501,20200501,2
501,20200504,2
501,20200505,2
501,20200506,2
501,20200507,1
501,20200508,2
501,20200511,2
501,20200512,2
501,20200513,2
501,20200514,1
501,20200515,2
502,20200421,2
502,20200423,2
502,20200424,2
502,20200427,2
502,20200428,2
502,20200506,1
502,20200513,1
503,20200422,2
503,20200423,2
503,20200424,2
503,20200427,2
503,20200505,1
503,20200512,1
504,20200421,2
504,20200422,2
504,20200424,2
504,20200427,2
504,20200428,2
504,20200507,1
504,20200514,1
505,20200425,2
506,20200425,1
506,20200427,1
507,20200502,2
507,20200509,2
S69258_14,20200421,1
S69258_14,20200422,1
S69258_14,20200423,1
S69258_14,20200424,1
S69258_14,20200425,2
S69258_21,20200425,1
S73176_496,20200427,2
S73176_496,20200502,2
S73176_496,20200509,2
S73176_14,20200428,1
S73176_14,20200429,1
S73176_14,20200430,1
S73176_14,20200501,1
S73176_14,20200504,1
S73176_14,20200505,1
S73176_14,20200506,1
S73176_14,20200507,1
S73176_14,20200508,1
S73176_14,20200511,1
S73176_14,20200512,1
S73176_14,20200513,1
S73176_14,20200514,1
S73176_14,20200515,1
S73176_21,20200427,1
S69256_14,20200421,1
S69256_14,20200422,1
S69256_14,20200423,1
S69256_14,20200424,1
S69256_14,20200425,2
S69256_21,20200425,1
S73177_496,20200427,2
S73177_496,20200502,2
S73177_496,20200509,2
S73177_14,20200428,1
S73177_14,20200429,1
S73177_14,20200430,1
S73177_14,20200501,1
S73177_14,20200504,1
S73177_14,20200505,1
S73177_14,20200506,1
S73177_14,20200507,1
S73177_14,20200508,1
S73177_14,20200511,1
S73177_14,20200512,1
S73177_14,20200513,1
S73177_14,20200514,1
S73177_14,20200515,1
S73177_21,20200427,1
S69260_14,20200421,1
S69260_14,20200422,1
S69260_14,20200423,1
S69260_14,20200424,1
S69260_14,20200425,2
S69260_21,20200425,1
S73178_496,20200427,2
S73178_496,20200502,2
S73178_496,20200509,2
S73178_14,20200428,1
S73178_14,20200429,1
S73178_14,20200430,1
S73178_14,20200501,1
S73178_14,20200504,1
S73178_14,20200505,1
S73178_14,20200506,1
S73178_14,20200507,1
S73178_14,20200508,1
S73178_14,20200511,1
S73178_14,20200512,1
S73178_14,20200513,1
S73178_14,20200514,1
S73178_14,20200515,1
S73178_21,20200427,1
S72245_511,20200427,2
S72899_511,20200511,2
S72899_511,20200512,2
S72899_511,20200513,2
S72899_511,20200514,2
S72899_511,20200515,2
S72901_511,20200511,2
S72901_511,20200512,2
S72901_511,20200513,2
S72901_511,20200514,2
S72901_511,20200515,2
S72246_511,20200427,2
S72933_511,20200511,2
S72933_511,20200512,2
S72933_511,20200513,2
S72933_511,20200514,2
S72933_511,20200515,2
S72062_511,20200427,2
S72934_511,20200511,2
S72934_511,20200512,2
S72934_511,20200513,2
S72934_511,20200514,2
S72934_511,20200515,2
S72063_511,20200427,2
S72944_511,20200511,2
S72944_511,20200512,2
S72944_511,20200513,2
S72944_511,20200514,2
S72944_511,20200515,2
S72244_511,20200427,2
S72970_511,20200511,2
S72970_511,20200512,2
S72970_511,20200513,2
S72970_511,20200514,2
S72970_511,20200515,2
S72971_511,20200511,2
S72971_511,20200512,2
S72971_511,20200513,2
S72971_511,20200514,2
S72971_511,20200515,2
S72985_511,20200511,2
S72985_511,20200512,2
S72985_511,20200513,2
S72985_511,20200514,2
S72985_511,20200515,2
S72986_511,20200511,2
S72986_511,20200512,2
S72986_511,20200513,2
S72986_511,20200514,2
S72986_511,20200515,2
S72247_511,20200427,2
S72987_511,20200511,2
S72987_511,20200512,2
S72987_511,20200513,2
S72987_511,20200514,2
S72987_511,20200515,2
S72248_511,20200427,2
S72988_511,20200511,2
S72988_511,20200512,2
S72988_511,20200513,2
S72988_511,20200514,2
S72988_511,20200515,2
S72249_511,20200427,2
S72989_511,20200511,2
S72989_511,20200512,2
S72989_511,20200513,2
S72989_511,20200514,2
S72989_511,20200515,2
S73040_511,20200511,2
S73040_511,20200512,2
S73040_511,20200513,2
S73040_511,20200514,2
S73040_511,20200515,2
S71228_495,20200421,1
S71228_495,20200422,1
S71228_495,20200423,1
S71228_495,20200424,1
S71228_495,20200425,2
S71228_495,20200428,1
S72990_495,20200429,1
S72990_495,20200430,1
S72990_495,20200501,1
S72990_495,20200502,2
S72990_495,20200504,1
S72990_495,20200505,1
S72990_495,20200506,1
S72990_495,20200507,1
S72990_495,20200508,1
S72990_495,20200509,2
S72990_495,20200511,1
S72990_495,20200512,1
S72990_495,20200513,1
S72990_495,20200514,1
S72990_495,20200515,1
S71218_380,20200427,1
S71218_495,20200421,1
S71218_495,20200422,1
S71218_495,20200423,1
S71218_495,20200424,1
S71218_495,20200425,2
S71218_495,20200428,1
S72997_495,20200429,1
S72997_495,20200430,1
S72997_495,20200501,1
S72997_495,20200502,2
S72997_495,20200504,1
S72997_495,20200505,1
S72997_495,20200506,1
S72997_495,20200507,1
S72997_495,20200508,1
S72997_495,20200509,2
S72997_495,20200511,1
S72997_495,20200512,1
S72997_495,20200513,1
S72997_495,20200514,1
S72997_495,20200515,1
S71971_431,20200425,2
S71971_431,20200502,2
S71971_431,20200509,2
S72380_431,20200510,1
S71972_431,20200425,2
S71972_431,20200502,2
S71972_431,20200509,2
S72382_431,20200510,1
S71973_438,20200425,2
S71973_438,20200502,2
S71973_438,20200509,2
S71973_439,20200425,2
S71973_439,20200502,2
S71973_439,20200509,2
S72383_438,20200511,1
S72383_439,20200512,1
S72383_439,20200513,1
S72383_439,20200514,1
S72008_438,20200425,2
S72008_438,20200502,2
S72008_438,20200509,2
S72384_438,20200511,1
S71974_438,20200425,2
S71974_438,20200502,2
S71974_438,20200509,2
S71974_439,20200425,2
S71974_439,20200502,2
S71974_439,20200509,2
S72385_438,20200511,1
S72385_439,20200512,1
S72385_439,20200513,1
S72385_439,20200514,1
S69166_14,20200421,1
S69166_14,20200422,1
S69166_14,20200423,1
S69166_14,20200424,1
S69166_14,20200425,2
S69166_21,20200425,1
S73182_496,20200427,2
S73182_496,20200502,2
S73182_496,20200509,2
S73182_14,20200428,1
S73182_14,20200429,1
S73182_14,20200430,1
S73182_14,20200501,1
S73182_14,20200504,1
S73182_14,20200505,1
S73182_14,20200506,1
S73182_14,20200507,1
S73182_14,20200508,1
S73182_14,20200511,1
S73182_14,20200512,1
S73182_14,20200513,1
S73182_14,20200514,1
S73182_14,20200515,1
S73182_21,20200427,1
T2340745,20200421,1
T2340745,20200422,1
T2340745,20200423,1
T2340745,20200424,1
T2340745,20200428,1
T2340745,20200501,1
T2340745,20200504,1
T2340745,20200505,1
T2340745,20200506,1
T2340745,20200507,1
T2340745,20200508,1
T2340745,20200511,1
T2340745,20200512,1
T2340745,20200513,1
T2340745,20200514,1
T2340745,20200515,1
T2340746,20200421,1
T2340746,20200422,1
T2340746,20200423,1
T2340746,20200424,1
T2340746,20200428,1
T2340746,20200501,1
T2340746,20200504,1
T2340746,20200505,1
T2340746,20200506,1
T2340746,20200507,1
T2340746,20200508,1
T2340746,20200511,1
T2340746,20200512,1
T2340746,20200513,1
T2340746,20200514,1
T2340746,20200515,1
T2340747,20200421,1
T2340747,20200422,1
T2340747,20200423,1
T2340747,20200424,1
T2340747,20200428,1
T2340747,20200501,1
T2340747,20200504,1
T2340747,20200505,1
T2340747,20200506,1
T2340747,20200507,1
T2340747,20200508,1
T2340747,20200511,1
T2340747,20200512,1
T2340747,20200513,1
T2340747,20200514,1
T2340747,20200515,1
T2340748,20200421,1
T2340748,20200422,1
T2340748,20200423,1
T2340748,20200424,1
T2340748,20200428,1
T2340748,20200501,1
T2340748,20200504,1
T2340748,20200505,1
T2340748,20200506,1
T2340748,20200507,1
T2340748,20200508,1
T2340748,20200511,1
T2340748,20200512,1
T2340748,20200513,1
T2340748,20200514,1
T2340748,20200515,1
T2340749,20200421,1
T2340749,20200422,1
T2340749,20200423,1
T2340749,20200424,1
T2340749,20200428,1
T2340749,20200501,1
T2340749,20200504,1
T2340749,20200505,1
T2340749,20200506,1
T2340749,20200507,1
T2340749,20200508,1
T2340749,20200511,1
T2340749,20200512,1
T2340749,20200513,1
T2340749,20200514,1
T2340749,20200515,1
T2340750,20200421,1
T2340750,20200422,1
T2340750,20200423,1
T2340750,20200424,1
T2340750,20200428,1
T2340750,20200501,1
T2340750,20200504,1
T2340750,20200505,1
T2340750,20200506,1
T2340750,20200507,1
T2340750,20200508,1
T2340750,20200511,1
T2340750,20200512,1
T2340750,20200513,1
T2340750,20200514,1
T2340750,20200515,1
T2340751,20200421,1
T2340751,20200422,1
T2340751,20200423,1
T2340751,20200424,1
T2340751,20200428,1
T2340751,20200501,1
T2340751,20200504,1
T2340751,20200505,1
T2340751,20200506,1
T2340751,20200507,1
T2340751,20200508,1
T2340751,20200511,1
T2340751,20200512,1
T2340751,20200513,1
T2340751,20200514,1
T2340751,20200515,1
T2340752,20200421,1
T2340752,20200422,1
T2340752,20200423,1
T2340752,20200424,1
T2340752,20200428,1
T2340752,20200501,1
T2340752,20200504,1
T2340752,20200505,1
T2340752,20200506,1
T2340752,20200507,1
T2340752,20200508,1
T2340752,20200511,1
T2340752,20200512,1
T2340752,20200513,1
T2340752,20200514,1
T2340752,20200515,1
T2340928,20200421,1
T2340928,20200422,1
T2340928,20200423,1
T2340928,20200424,1
T2340928,20200428,1
T2340928,20200501,1
T2340928,20200504,1
T2340928,20200505,1
T2340928,20200506,1
T2340928,20200507,1
T2340928,20200508,1
T2340928,20200511,1
T2340928,20200512,1
T2340928,20200513,1
T2340928,20200514,1
T2340928,20200515,1
T2340929,20200421,1
T2340929,20200422,1
T2340929,20200423,1
T2340929,20200424,1
T2340929,20200428,1
T2340929,20200501,1
T2340929,20200504,1
T2340929,20200505,1
T2340929,20200506,1
T2340929,20200507,1
T2340929,20200508,1
T2340929,20200511,1
T2340929,20200512,1
T2340929,20200513,1
T2340929,20200514,1
T2340929,20200515,1
T2340930,20200421,1
T2340930,20200422,1
T2340930,20200423,1
T2340930,20200424,1
T2340930,20200428,1
T2340930,20200501,1
T2340930,20200504,1
T2340930,20200505,1
T2340930,20200506,1
T2340930,20200507,1
T2340930,20200508,1
T2340930,20200511,1
T2340930,20200512,1
T2340930,20200513,1
T2340930,20200514,1
T2340930,20200515,1
T2340931,20200421,1
T2340931,20200422,1
T2340931,20200423,1
T2340931,20200424,1
T2340931,20200428,1
T2340931,20200501,1
T2340931,20200504,1
T2340931,20200505,1
T2340931,20200506,1
T2340931,20200507,1
T2340931,20200508,1
T2340931,20200511,1
T2340931,20200512,1
T2340931,20200513,1
T2340931,20200514,1
T2340931,20200515,1
T2340932,20200421,1
T2340932,20200422,1
T2340932,20200423,1
T2340932,20200424,1
T2340932,20200428,1
T2340932,20200501,1
T2340932,20200504,1
T2340932,20200505,1
T2340932,20200506,1
T2340932,20200507,1
T2340932,20200508,1
T2340932,20200511,1
T2340932,20200512,1
T2340932,20200513,1
T2340932,20200514,1
T2340932,20200515,1
T2340933,20200421,1
T2340933,20200422,1
T2340933,20200423,1
T2340933,20200424,1
T2340933,20200428,1
T2340933,20200501,1
T2340933,20200504,1
T2340933,20200505,1
T2340933,20200506,1
T2340933,20200507,1
T2340933,20200508,1
T2340933,20200511,1
T2340933,20200512,1
T2340933,20200513,1
T2340933,20200514,1
T2340933,20200515,1
T2340934,20200421,1
T2340934,20200422,1
T2340934,20200423,1
T2340934,20200424,1
T2340934,20200428,1
T2340934,20200501,1
T2340934,20200504,1
T2340934,20200505,1
T2340934,20200506,1
T2340934,20200507,1
T2340934,20200508,1
T2340934,20200511,1
T2340934,20200512,1
T2340934,20200513,1
T2340934,20200514,1
T2340934,20200515,1
T2341562,20200424,1
T2341562,20200428,1
T2341562,20200429,1
T2341562,20200430,1
T2341562,20200501,1
T2341562,20200504,1
T2341562,20200505,1
T2341562,20200506,1
T2341562,20200507,1
T2341562,20200508,1
T2341562,20200511,1
T2341562,20200512,1
T2341562,20200513,1
T2341562,20200514,1
T2341562,20200515,1
T2341563,20200424,1
T2341563,20200428,1
T2341563,20200429,1
T2341563,20200430,1
T2341563,20200501,1
T2341563,20200504,1
T2341563,20200505,1
T2341563,20200506,1
T2341563,20200507,1
T2341563,20200508,1
T2341563,20200511,1
T2341563,20200512,1
T2341563,20200513,1
T2341563,20200514,1
T2341563,20200515,1
T2341564,20200424,1
T2341564,20200428,1
T2341564,20200429,1
T2341564,20200430,1
T2341564,20200501,1
T2341564,20200504,1
T2341564,20200505,1
T2341564,20200506,1
T2341564,20200507,1
T2341564,20200508,1
T2341564,20200511,1
T2341564,20200512,1
T2341564,20200513,1
T2341564,20200514,1
T2341564,20200515,1
T2341565,20200424,1
T2341565,20200428,1
T2341565,20200429,1
T2341565,20200430,1
T2341565,20200501,1
T2341565,20200504,1
T2341565,20200505,1
T2341565,20200506,1
T2341565,20200507,1
T2341565,20200508,1
T2341565,20200511,1
T2341565,20200512,1
T2341565,20200513,1
T2341565,20200514,1
T2341565,20200515,1
T2341566,20200424,1
T2341566,20200428,1
T2341566,20200429,1
T2341566,20200430,1
T2341566,20200501,1
T2341566,20200504,1
T2341566,20200505,1
T2341566,20200506,1
T2341566,20200507,1
T2341566,20200508,1
T2341566,20200511,1
T2341566,20200512,1
T2341566,20200513,1
T2341566,20200514,1
T2341566,20200515,1
T2341567,20200424,1
T2341567,20200428,1
T2341567,20200429,1
T2341567,20200430,1
T2341567,20200501,1
T2341567,20200504,1
T2341567,20200505,1
T2341567,20200506,1
T2341567,20200507,1
T2341567,20200508,1
T2341567,20200511,1
T2341567,20200512,1
T2341567,20200513,1
T2341567,20200514,1
T2341567,20200515,1
T2341568,20200424,1
T2341568,20200428,1
T2341568,20200429,1
T2341568,20200430,1
T2341568,20200501,1
T2341568,20200504,1
T2341568,20200505,1
T2341568,20200506,1
T2341568,20200507,1
T2341568,20200508,1
T2341568,20200511,1
T2341568,20200512,1
T2341568,20200513,1
T2341568,20200514,1
T2341568,20200515,1
T2341569,20200424,1
T2341569,20200428,1
T2341569,20200429,1
T2341569,20200430,1
T2341569,20200501,1
T2341569,20200504,1
T2341569,20200505,1
T2341569,20200506,1
T2341569,20200507,1
T2341569,20200508,1
T2341569,20200511,1
T2341569,20200512,1
T2341569,20200513,1
T2341569,20200514,1
T2341569,20200515,1
T2341570,20200424,1
T2341570,20200428,1
T2341570,20200429,1
T2341570,20200430,1
T2341570,20200501,1
T2341570,20200504,1
T2341570,20200505,1
T2341570,20200506,1
T2341570,20200507,1
T2341570,20200508,1
T2341570,20200511,1
T2341570,20200512,1
T2341570,20200513,1
T2341570,20200514,1
T2341570,20200515,1
T2341571,20200424,1
T2341571,20200428,1
T2341571,20200429,1
T2341571,20200430,1
T2341571,20200501,1
T2341571,20200504,1
T2341571,20200505,1
T2341571,20200506,1
T2341571,20200507,1
T2341571,20200508,1
T2341571,20200511,1
T2341571,20200512,1
T2341571,20200513,1
T2341571,20200514,1
T2341571,20200515,1
T2341635,20200424,1
T2341635,20200428,1
T2341635,20200429,1
T2341635,20200430,1
T2341635,20200501,1
T2341635,20200504,1
T2341635,20200505,1
T2341635,20200506,1
T2341635,20200507,1
T2341635,20200508,1
T2341635,20200511,1
T2341635,20200512,1
T2341635,20200513,1
T2341635,20200514,1
T2341635,20200515,1
T2341636,20200424,1
T2341636,20200428,1
T2341636,20200429,1
T2341636,20200430,1
T2341636,20200501,1
T2341636,20200504,1
T2341636,20200505,1
T2341636,20200506,1
T2341636,20200507,1
T2341636,20200508,1
T2341636,20200511,1
T2341636,20200512,1
T2341636,20200513,1
T2341636,20200514,1
T2341636,20200515,1
T2341637,20200424,1
T2341637,20200428,1
T2341637,20200429,1
T2341637,20200430,1
T2341637,20200501,1
T2341637,20200504,1
T2341637,20200505,1
T2341637,20200506,1
T2341637,20200507,1
T2341637,20200508,1
T2341637,20200511,1
T2341637,20200512,1
T2341637,20200513,1
T2341637,20200514,1
T2341637,20200515,1
T2341638,20200424,1
T2341638,20200428,1
T2341638,20200429,1
T2341638,20200430,1
T2341638,20200501,1
T2341638,20200504,1
T2341638,20200505,1
T2341638,20200506,1
T2341638,20200507,1
T2341638,20200508,1
T2341638,20200511,1
T2341638,20200512,1
T2341638,20200513,1
T2341638,20200514,1
T2341638,20200515,1
T2341639,20200424,1
T2341639,20200428,1
T2341639,20200429,1
T2341639,20200430,1
T2341639,20200501,1
T2341639,20200504,1
T2341639,20200505,1
T2341639,20200506,1
T2341639,20200507,1
T2341639,20200508,1
T2341639,20200511,1
T2341639,20200512,1
T2341639,20200513,1
T2341639,20200514,1
T2341639,20200515,1
T2341640,20200424,1
T2341640,20200428,1
T2341640,20200429,1
T2341640,20200430,1
T2341640,20200501,1
T2341640,20200504,1
T2341640,20200505,1
T2341640,20200506,1
T2341640,20200507,1
T2341640,20200508,1
T2341640,20200511,1
T2341640,20200512,1
T2341640,20200513,1
T2341640,20200514,1
T2341640,20200515,1
T2341641,20200424,1
T2341641,20200428,1
T2341641,20200429,1
T2341641,20200430,1
T2341641,20200501,1
T2341641,20200504,1
T2341641,20200505,1
T2341641,20200506,1
T2341641,20200507,1
T2341641,20200508,1
T2341641,20200511,1
T2341641,20200512,1
T2341641,20200513,1
T2341641,20200514,1
T2341641,20200515,1
T2341704,20200424,1
T2341704,20200428,1
T2341704,20200429,1
T2341704,20200430,1
T2341704,20200501,1
T2341704,20200504,1
T2341704,20200505,1
T2341704,20200506,1
T2341704,20200507,1
T2341704,20200508,1
T2341704,20200511,1
T2341704,20200512,1
T2341704,20200513,1
T2341704,20200514,1
T2341704,20200515,1
T2341705,20200424,1
T2341705,20200428,1
T2341705,20200429,1
T2341705,20200430,1
T2341705,20200501,1
T2341705,20200504,1
T2341705,20200505,1
T2341705,20200506,1
T2341705,20200507,1
T2341705,20200508,1
T2341705,20200511,1
T2341705,20200512,1
T2341705,20200513,1
T2341705,20200514,1
T2341705,20200515,1
T2342642,20200421,1
T2342642,20200422,1
T2342642,20200423,1
T2342642,20200424,1
T2342642,20200428,1
T2342642,20200429,1
T2342642,20200430,1
T2342642,20200501,1
T2342642,20200505,1
T2342642,20200506,1
T2342642,20200507,1
T2342642,20200508,1
T2342642,20200511,1
T2342642,20200512,1
T2342642,20200513,1
T2342642,20200514,1
T2342642,20200515,1
T2342643,20200421,1
T2342643,20200422,1
T2342643,20200423,1
T2342643,20200424,1
T2342643,20200428,1
T2342643,20200429,1
T2342643,20200430,1
T2342643,20200501,1
T2342643,20200505,1
T2342643,20200506,1
T2342643,20200507,1
T2342643,20200508,1
T2342643,20200511,1
T2342643,20200512,1
T2342643,20200513,1
T2342643,20200514,1
T2342643,20200515,1
T2342644,20200421,1
T2342644,20200422,1
T2342644,20200423,1
T2342644,20200424,1
T2342644,20200428,1
T2342644,20200429,1
T2342644,20200430,1
T2342644,20200501,1
T2342644,20200505,1
T2342644,20200506,1
T2342644,20200507,1
T2342644,20200508,1
T2342644,20200511,1
T2342644,20200512,1
T2342644,20200513,1
T2342644,20200514,1
T2342644,20200515,1
T2342645,20200421,1
T2342645,20200422,1
T2342645,20200423,1
T2342645,20200424,1
T2342645,20200428,1
T2342645,20200429,1
T2342645,20200430,1
T2342645,20200501,1
T2342645,20200505,1
T2342645,20200506,1
T2342645,20200507,1
T2342645,20200508,1
T2342645,20200511,1
T2342645,20200512,1
T2342645,20200513,1
T2342645,20200514,1
T2342645,20200515,1
T2342646,20200421,1
T2342646,20200422,1
T2342646,20200423,1
T2342646,20200424,1
T2342646,20200428,1
T2342646,20200429,1
T2342646,20200430,1
T2342646,20200501,1
T2342646,20200505,1
T2342646,20200506,1
T2342646,20200507,1
T2342646,20200508,1
T2342646,20200511,1
T2342646,20200512,1
T2342646,20200513,1
T2342646,20200514,1
T2342646,20200515,1
T2342647,20200421,1
T2342647,20200422,1
T2342647,20200423,1
T2342647,20200424,1
T2342647,20200428,1
T2342647,20200429,1
T2342647,20200430,1
T2342647,20200501,1
T2342647,20200505,1
T2342647,20200506,1
T2342647,20200507,1
T2342647,20200508,1
T2342647,20200511,1
T2342647,20200512,1
T2342647,20200513,1
T2342647,20200514,1
T2342647,20200515,1
T2342853,20200427,1
T2342853,20200503,2
T2342854,20200427,1
T2342854,20200503,2
T2342855,20200427,1
T2342855,20200503,2
T2342856,20200427,1
T2342856,20200503,2
T2342857,20200427,1
T2342857,20200503,2
T2342858,20200427,1
T2342858,20200503,2
T2342859,20200427,1
T2342859,20200503,2
T2342860,20200427,1
T2342860,20200503,2
T2342861,20200427,1
T2342861,20200503,2
T2342862,20200421,1
T2342862,20200422,1
T2342862,20200423,1
T2342862,20200424,1
T2342862,20200428,1
T2342862,20200429,1
T2342862,20200430,1
T2342862,20200501,1
T2342862,20200505,1
T2342862,20200506,1
T2342862,20200507,1
T2342862,20200508,1
T2342862,20200511,1
T2342862,20200512,1
T2342862,20200513,1
T2342862,20200514,1
T2342862,20200515,1
T2342863,20200421,1
T2342863,20200422,1
T2342863,20200423,1
T2342863,20200424,1
T2342863,20200428,1
T2342863,20200429,1
T2342863,20200430,1
T2342863,20200501,1
T2342863,20200505,1
T2342863,20200506,1
T2342863,20200507,1
T2342863,20200508,1
T2342863,20200511,1
T2342863,20200512,1
T2342863,20200513,1
T2342863,20200514,1
T2342863,20200515,1
T2342864,20200421,1
T2342864,20200422,1
T2342864,20200423,1
T2342864,20200424,1
T2342864,20200428,1
T2342864,20200429,1
T2342864,20200430,1
T2342864,20200501,1
T2342864,20200505,1
T2342864,20200506,1
T2342864,20200507,1
T2342864,20200508,1
T2342864,20200511,1
T2342864,20200512,1
T2342864,20200513,1
T2342864,20200514,1
T2342864,20200515,1
T2342865,20200421,1
T2342865,20200422,1
T2342865,20200423,1
T2342865,20200424,1
T2342865,20200428,1
T2342865,20200429,1
T2342865,20200430,1
T2342865,20200501,1
T2342865,20200505,1
T2342865,20200506,1
T2342865,20200507,1
T2342865,20200508,1
T2342865,20200511,1
T2342865,20200512,1
T2342865,20200513,1
T2342865,20200514,1
T2342865,20200515,1
T2342866,20200421,1
T2342866,20200422,1
T2342866,20200423,1
T2342866,20200424,1
T2342866,20200428,1
T2342866,20200429,1
T2342866,20200430,1
T2342866,20200501,1
T2342866,20200505,1
T2342866,20200506,1
T2342866,20200507,1
T2342866,20200508,1
T2342866,20200511,1
T2342866,20200512,1
T2342866,20200513,1
T2342866,20200514,1
T2342866,20200515,1
T2342983,20200427,1
T2342983,20200503,2
T2342984,20200427,1
T2342984,20200503,2
T2342985,20200427,1
T2342985,20200503,2
T2342986,20200427,1
T2342986,20200503,2
T2342987,20200427,1
T2342987,20200503,2
T2342988,20200427,1
T2342988,20200503,2
T2343129,20200421,1
T2343129,20200422,1
T2343129,20200423,1
T2343129,20200424,1
T2343129,20200428,1
T2343129,20200429,1
T2343129,20200430,1
T2343129,20200501,1
T2343129,20200505,1
T2343129,20200506,1
T2343129,20200507,1
T2343129,20200508,1
T2343129,20200511,1
T2343129,20200512,1
T2343129,20200513,1
T2343129,20200514,1
T2343129,20200515,1
T2343130,20200421,1
T2343130,20200422,1
T2343130,20200423,1
T2343130,20200424,1
T2343130,20200428,1
T2343130,20200429,1
T2343130,20200430,1
T2343130,20200501,1
T2343130,20200505,1
T2343130,20200506,1
T2343130,20200507,1
T2343130,20200508,1
T2343130,20200511,1
T2343130,20200512,1
T2343130,20200513,1
T2343130,20200514,1
T2343130,20200515,1
T2343131,20200421,1
T2343131,20200422,1
T2343131,20200423,1
T2343131,20200424,1
T2343131,20200428,1
T2343131,20200429,1
T2343131,20200430,1
T2343131,20200501,1
T2343131,20200505,1
T2343131,20200506,1
T2343131,20200507,1
T2343131,20200508,1
T2343131,20200511,1
T2343131,20200512,1
T2343131,20200513,1
T2343131,20200514,1
T2343131,20200515,1
T2343132,20200421,1
T2343132,20200422,1
T2343132,20200423,1
T2343132,20200424,1
T2343132,20200428,1
T2343132,20200429,1
T2343132,20200430,1
T2343132,20200501,1
T2343132,20200505,1
T2343132,20200506,1
T2343132,20200507,1
T2343132,20200508,1
T2343132,20200511,1
T2343132,20200512,1
T2343132,20200513,1
T2343132,20200514,1
T2343132,20200515,1
T2343133,20200421,1
T2343133,20200422,1
T2343133,20200423,1
T2343133,20200424,1
T2343133,20200428,1
T2343133,20200429,1
T2343133,20200430,1
T2343133,20200501,1
T2343133,20200505,1
T2343133,20200506,1
T2343133,20200507,1
T2343133,20200508,1
T2343133,20200511,1
T2343133,20200512,1
T2343133,20200513,1
T2343133,20200514,1
T2343133,20200515,1
T2343134,20200421,1
T2343134,20200422,1
T2343134,20200423,1
T2343134,20200424,1
T2343134,20200428,1
T2343134,20200429,1
T2343134,20200430,1
T2343134,20200501,1
T2343134,20200505,1
T2343134,20200506,1
T2343134,20200507,1
T2343134,20200508,1
T2343134,20200511,1
T2343134,20200512,1
T2343134,20200513,1
T2343134,20200514,1
T2343134,20200515,1
